ldquolearn:3.3543400312962
selfesteem:3.3543400312962
uncertain:2.60375754543115
