blood:2.64751825623219
circulatori:3.75098590051758
femal:2.64751825623219
fingerprint:3.75098590051758
girl:3.75098590051758
heart:2.64751825623219
leader:5.93767019237651
male:2.64751825623219
offtask:2.64751825623219
puls:2.64751825623219
selfreport:3.75098590051758
skin:3.75098590051758
stepbystep:2.64751825623219
wall:2.64751825623219
wave:3.75098590051758
