cope:226.637788937018
deep:662.154840853043
filter:226.637788937018
geographi:1533.18894468509
groupwar:1859.82673362211
grow:324.629125618124
handwrit:1369.87005021658
iter:281.077420426522
maetic:1533.18894468509
markup:2186.46452255913
mentor:389.956683405528
metamodel:487.948020086633
notetak:1369.87005021658
parent:662.154840853043
pervas:413.287954043886
prepar:226.637788937018
reaction:422.62046229923
screen:226.637788937018
site:204.861936341217
uol:256.332133385838
vle:553.275577874037
wider:1043.23226127956
women:1533.18894468509
