cope:2.52037517755298
deep:2.71713788279862
filter:2.52037517755298
geographi:2.54235270259761
groupwar:3.24084724225786
grow:3.33162537306746
handwrit:4.60244708668132
iter:3.21762424552677
maetic:2.54235270259761
markup:3.94558255112835
mentor:2.62326267797861
metamodel:3.00318301909334
notetak:4.60244708668132
parent:2.71713788279862
pervas:3.32421917106778
prepar:3.07481843872466
reaction:2.44973361784945
screen:2.70611614568962
site:2.48179545346471
uol:2.57909982546281
vle:2.85341945255522
wider:3.25923422784257
women:2.54235270259761
