besid:3.04763077311819
competit:2.92438177945482
eassess:4.35334210749319
figur:2.78818851918738
gameplay:5.96673272571075
gender:2.49909149473184
hybrid:2.82538016295564
negat:2.95773472164559
oral:5.96673272571075
ples:2.8052809008257
probabilist:2.46440080436194
public:4.28226229921004
qti:3.88002274706721
risk:2.85294582044065
selfreflect:2.78818851918738
serious:9.81125886402255
statement:3.68502376323342
tablet:2.8052809008257
tangibl:2.71917325018222
uptak:2.78818851918738
wil:3.36141968455085
