besid:282.733163373699
competit:243.845836613804
eassess:630.672402804334
figur:1848.45974081156
gameplay:1848.45974081156
gender:711.858225338149
hybrid:387.114935202889
negat:305.929112669074
oral:1848.45974081156
ples:468.300757736704
probabilist:387.114935202889
public:352.321011259826
qti:441.238816892099
risk:630.672402804334
selfreflect:1848.45974081156
serious:776.806883365201
statement:752.451136605056
tablet:468.300757736704
tangibl:224.74329013526
uptak:1848.45974081156
wil:874.229870405779
