asynchron:3.82463471878458
grademark:5.19746274772267
inloc:9.26025651741345
jiscassess:8.58677218551133
node:15.9554889419436
noss:13.952477847578
song:7.91214087107502
workload:4.51287241003839
