assign:575.975241198452
badg:6667.52224234312
binari:3536.28060782616
caprét:1314.10912526573
claim:337.70044353463
classroom:329.28312731281
coher:462.757713115953
criteria:758.56625462562
defin:274.32300374681
diari:1415.11691992756
dunde:1112.09353594205
eassess:438.708238196467
electron:657.558459963782
employ:242.548173201015
evid:162.620266120778
favourit:2324.1870718841
flip:2930.23383985513
generic:340.76128579711
guid:263.628060782616
hoc:2021.16368789859
ict:1293.90756633336
layer:566.651444768128
literaci:405.038973309188
markup:1263.60522793481
martin:687.860798362334
mobil:234.920582299777
occup:1869.65199590583
perform:455.542870640107
pop:910.077946618376
registri:566.651444768128
relationship:139.228987356984
schema:342.880330440365
separ:234.920582299777
skill:421.873605752828
stat:2930.23383985513
strand:247.915737168552
top:181.378856557976
tutor:234.920582299777
unit:739.141678729113
usual:203.023383985513
visualis:278.779229981891
