assign:9.97974027142046
badg:41.3994884932714
binari:6.96851648024237
caprét:6.7295827696847
claim:6.44802557256028
classroom:4.19969967629172
coher:4.02141663476185
criteria:6.7263462951149
defin:8.7463386834539
diari:4.88495065757553
dunde:3.62300684559562
eassess:4.77808982925818
electron:5.57133682316543
employ:4.9932882324044
evid:3.48291750899869
favourit:4.31816532448488
flip:5.64146000639176
generic:4.0559994519031
guid:7.30204313951055
hoc:3.6593689030937
ict:10.9975933352228
layer:3.80439278725808
literaci:11.0947388748985
markup:4.25075817118311
martin:4.93445214917449
mobil:3.96667902406102
occup:6.81277765510007
perform:9.90978294850759
pop:4.25207002701165
registri:14.8903138003955
relationship:3.40851307388543
schema:4.81200090269595
separ:3.96667902406102
skill:17.4806647075327
stat:5.64146000639176
strand:6.01516930523097
top:3.86350520204415
tutor:3.96667902406102
unit:13.9413934082031
usual:3.4995144899669
visualis:5.38074233276737
